%YAML:1.0
clases: !!opencv-matrix
   rows: 20
   cols: 1
   dt: i
   data: [ 116, 55, 53, 54, 57, 56, 52, 112, 50, 48, 49, 51, 105, 105,
       105, 100, 105, 100, 100, 100 ]
